0.000007
0.000121
0.000029
0.000069
0.000043
0.000117
0.000078
0.000109
0.000037
0.000043
0.000098
0.000080
0.000121
0.000000
0.000115
0.000081
0.000122
0.000038
0.000089
0.000021
0.000020
0.000041
0.000038
0.000073
0.000046
0.000030
0.000069
0.000072
0.000001
0.000086
0.000031
0.000052
0.000120
0.000033
0.000054
0.000029
0.000122
0.000044
0.000052
0.000109
0.000073
0.000103
0.000052
0.000117
0.000043
0.000081
0.000013
0.000017
0.000104
0.000109
0.000094
0.000107
0.000028
0.000104
0.000070
0.000177
0.000012
0.000060
0.000090
0.000115
0.000089
0.000098
0.000026
0.000019
0.000090
0.000169
0.000078
0.000043
0.000042
0.000110
0.000071
0.000180
0.000180
0.000078
0.000108
0.000088
0.000079
0.000061
0.000180
0.000037
0.000092
0.000154
0.000148
0.000195
0.000272
0.000335
0.000314
0.000132
0.000409
0.000382
0.000458
0.000209
0.000388
0.000217
0.000288
0.000263
0.000227
0.000410
0.000226
0.000312
0.000447
0.000165
0.000361
0.000299
0.000363
0.000357
0.000320
0.000266
0.000466
0.000384
0.000453
0.000573
0.000386
0.000314
0.000554
0.000310
0.000376
0.000238
0.000394
0.000490
0.000268
0.000436
0.000532
0.000457
0.000580
0.000622
0.000520
0.000461
0.000660
0.000732
0.000627
0.000592
0.000602
0.000915
0.000774
0.000760
0.000777
0.000714
0.000694
0.001160
0.000722
0.000742
0.000793
0.000872
0.000621
0.000863
0.000941
0.001117
0.000956
0.000894
0.000811
0.000670
0.000841
0.000764
0.001228
0.001171
0.001019
0.001133
0.001086
0.000870
0.001065
0.001012
0.001038
0.000705
0.001274
0.001049
0.001391
0.001093
0.000972
0.001277
0.001374
0.001157
0.001271
0.001626
0.001319
0.001255
0.001051
0.001283
0.001392
0.001385
0.001548
0.001312
0.001428
0.001336
0.001275
0.001303
0.001357
0.001563
0.001465
0.001820
0.001480
0.001156
0.001500
0.001604
0.001486
0.001259
0.001696
0.001171
0.001516
0.001461
0.001454
0.001191
0.001358
0.001522
0.001350
0.001328
0.001475
0.001272
0.001667
0.001504
0.001545
0.001225
0.001807
0.001404
0.001124
0.001168
0.001428
0.001248
0.001976
0.001503
0.001252
0.001410
0.001652
0.001515
0.001221
0.001664
0.001641
0.001996
0.001601
0.001671
0.001634
0.001853
0.001476
0.001530
0.001570
0.001536
0.001315
0.001394
0.001290
0.001609
0.001315
0.001193
0.001956
0.001254
0.001523
0.001602
0.001468
0.001392
0.001566
0.001558
0.001911
0.001288
0.001288
0.001742
0.001601
0.001709
0.001684
0.001200
0.001523
0.001837
0.001748
0.001727
0.001520
0.001389
0.001838
0.001447
0.001613
0.001919
0.001370
0.001432
0.002189
0.001108
0.001729
0.001493
0.001935
0.001488
0.001662
0.001674
0.002221
0.001938
0.001576
0.001466
0.001441
0.001497
0.001710
0.001463
0.001428
0.001425
0.001522
0.001614
0.001515
0.001808
0.001277
0.001482
0.001434
0.001144
0.001417
0.001496
0.001303
0.001489
0.001820
0.001281
0.001321
0.001668
0.001796
0.001646
0.001622
0.001863
0.001339
0.001435
0.001442
0.001561
0.001912
0.001627
0.001710
0.001436
0.001624
0.001907
0.001521
0.001397
0.001501
0.001334
0.001438
0.001505
0.001726
0.001296
0.001811
0.002052
0.001744
0.001866
0.001540
0.001453
0.001487
0.001446
0.001216
0.001559
0.001545
0.001674
0.001582
0.001634
0.001589
0.001819
0.001457
0.001362
0.001705
0.001312
0.001478
0.001712
0.001477
0.001895
0.001363
0.001547
0.001790
0.001846
0.001828
0.001381
0.001296
0.001834
0.001738
0.001892
0.001544
0.001476
0.001409
0.001639
0.001631
0.001231
0.001819
0.001826
0.001502
0.001679
0.002199
0.001866
0.001765
0.001872
0.001586
0.001746
0.001655
0.001750
0.001559
0.001324
0.001663
0.001461
0.001734
0.001421
0.001882
0.001450
0.001718
0.001665
0.001627
0.001882
0.001920
0.001644
0.001346
0.002095
0.001689
0.001323
0.001933
0.001771
0.001691
0.001657
0.001827
0.001246
0.001440
0.001193
0.001278
0.001582
0.001827
0.001271
0.001907
0.001836
0.001871
0.001643
0.001816
0.001612
0.001613
0.001383
0.001659
0.001526
0.001575
0.001495
0.001737
0.001633
0.001261
0.001546
0.001403
0.001472
0.001699
0.001374
0.001350
0.001467
0.001676
0.001855
0.001371
0.001734
0.001622
0.001342
0.001589
0.001641
0.001554
0.001248
0.001482
0.001469
0.001566
0.001584
0.001165
0.001500
0.001174
0.001542
0.001175
0.001081
0.001574
0.001594
0.001426
0.001627
0.001469
0.001179
0.001588
0.001509
0.001428
0.001142
0.001215
0.001673
0.001340
0.001171
0.001639
0.001491
0.001226
0.001575
0.001213
0.001388
0.001524
0.001315
0.001428
0.001588
0.001344
0.001298
0.001265
0.001692
0.001838
0.001278
0.001638
0.001731
0.002011
0.001600
0.001712
0.001832
0.002003
0.001500
0.001508
0.001384
0.001410
0.001678
0.001442
0.001623
0.001451
0.001535
0.001588
0.001061
0.001780
0.001568
0.002003
0.001446
0.001826
0.002112
0.001533
0.001645
0.001916
0.001540
0.001586
0.001486
0.001656
0.001890
0.002022
0.001447
0.002016
0.001465
0.001557
0.001624
0.001330
0.001547
0.001545
0.001517
0.001383
0.001436
0.001504
0.001175
0.001485
0.001229
0.001671
0.001490
0.001293
0.001443
0.001623
0.001873
0.001475
0.001416
0.001361
0.001258
0.001520
0.001568
0.001623
0.001671
0.001780
0.001534
0.001382
0.001870
0.001431
0.001241
0.001449
0.001298
0.001322
0.001511
0.001703
0.001445
0.001442
0.001155
0.001468
0.001711
0.001190
0.001544
0.001449
0.001367
0.001391
0.000987
0.001490
0.001211
0.001259
0.001328
0.001064
0.001626
0.001031
0.001317
0.001426
0.001197
0.000949
0.001125
0.001167
0.000960
0.001426
0.001239
0.000853
0.001068
0.000993
0.001125
0.001115
0.001095
0.001437
0.001297
0.001404
0.001270
0.000955
0.001217
0.001034
0.000936
0.001006
0.000789
0.000887
0.000834
0.001294
0.001141
0.000951
0.000639
0.001323
0.001093
0.001004
0.001077
0.000943
0.001017
0.000638
0.000839
0.000871
0.001054
0.001092
0.000662
0.000717
0.000752
0.000898
0.000798
0.000737
0.000869
0.000858
0.000821
0.000829
0.001130
0.000967
0.001009
0.000838
0.000700
0.000740
0.000863
0.000899
0.000712
0.000818
0.000446
0.000769
0.000657
0.000654
0.000595
0.000615
0.001119
0.000857
0.000673
0.000633
0.000862
0.000745
0.000405
0.000822
0.000989
0.000719
0.000788
0.000806
0.000609
0.000657
0.000522
0.000652
0.000570
0.000655
0.000430
0.000617
0.000774
0.000574
0.000662
0.000364
0.000480
0.000765
0.000409
0.000488
0.000378
0.000527
0.000389
0.000261
0.000583
0.000526
0.000352
0.000693
0.000536
0.000292
0.000703
0.000352
0.000313
0.000214
0.000432
0.000281
0.000176
0.000320
0.000273
0.000262
0.000243
0.000416
0.000461
0.000451
0.000125
0.000353
0.000312
0.000279
0.000276
0.000175
0.000235
0.000402
0.000236
0.000500
0.000446
0.000261
0.000360
0.000285
0.000465
0.000503
0.000196
0.000289
0.000294
0.000262
0.000502
0.000351
0.000476
0.000489
0.000454
0.000312
0.000343
0.000213
0.000085
0.000324
0.000243
0.000456
0.000274
0.000242
0.000173
0.000268
0.000384
0.000195
0.000495
0.000339
0.000307
0.000534
0.000192
0.000324
0.000331
0.000450
0.000313
0.000311
0.000412
0.000345
0.000374
0.000247
0.000357
0.000195
0.000350
0.000385
0.000058
0.000324
0.000191
0.000342
0.000126
0.000456
0.000227
0.000039
0.000175
0.000330
0.000164
0.000195
0.000317
0.000175
0.000121
0.000149
0.000297
0.000371
0.000306
0.000214
0.000319
0.000214
0.000022
0.000222
0.000095
0.000239
0.000229
0.000180
0.000162
0.000148
0.000287
0.000109
0.000100
0.000241
0.000224
0.000145
0.000035
0.000095
0.000208
0.000186
0.000090
0.000060
0.000106
0.000164
0.000114
0.000123
0.000203
0.000184
0.000192
0.000203
0.000121
0.000394
0.000152
0.000273
0.000226
0.000279
0.000340
0.000241
0.000231
0.000063
0.000184
0.000076
0.000191
0.000377
0.000211
0.000189
0.000050
0.000344
0.000182
0.000296
0.000409
0.000236
0.000102
0.000265
0.000095
0.000269
0.000172
0.000157
0.000196
0.000216
0.000013
0.000174
0.000125
0.000045
0.000131
0.000186
0.000311
0.000234
0.000027
0.000271
0.000106
0.000245
0.000168
0.000166
0.000132
0.000100
0.000022
0.000009
0.000031
0.000227
0.000025
0.000230
0.000341
0.000045
0.000230
0.000065
0.000098
0.000031
0.000156
0.000223
0.000088
0.000072
0.000070
0.000065
0.000020
0.000132
0.000108
0.000013
0.000051
0.000122
0.000031
0.000144
0.000156
0.000152
0.000196
0.000193
0.000083
0.000113
0.000062
0.000072
0.000006
0.000090
0.000172
0.000213
0.000272
0.000143
0.000059
0.000136
0.000168
0.000113
0.000067
0.000009
0.000080
0.000148
0.000252
0.000246
0.000005
0.000342
0.000056
0.000048
0.000084
0.000179
0.000038
0.000006
0.000084
0.000143
0.000006
0.000049
0.000004
0.000023
0.000158
0.000017
0.000089
0.000073
0.000050
0.000114
0.000092
0.000160
0.000098
0.000140
0.000034
0.000016
0.000024
0.000130
0.000000
0.000128
0.000108
0.000075
0.000091
0.000089
0.000182
0.000013
0.000046
0.000117
0.000037
0.000027
0.000093
0.000182
0.000037
0.000038
0.000155
0.000004
0.000127
0.000099
0.000112
0.000463
0.000051
0.000092
0.000108
0.000155
0.000009
0.000090
0.000057
0.000047
0.000130
0.000102
0.000041
0.000142
0.000082
0.000111
0.000019
0.000047
0.000082
0.000077
0.000059
0.000116
0.000082
0.000064
0.000063
0.000124
0.000096
0.000110
0.000031
0.000042
0.000000
0.000078
0.000025
0.000096
0.000068
0.000005
0.000035
0.000094
0.000026
0.000022
0.000039
0.000040
0.000111
0.000002
0.000123
0.000108
0.000046
0.000053
0.000056
0.000051
0.000020
0.000163
0.000010
0.000038
0.000026
0.000094
0.000012
0.000008
0.000042
0.000058
0.000068
0.000055
0.000011
0.000032
0.000028
0.000093
0.000043
0.000007
0.000052
0.000057
0.000006
0.000050
0.000001
0.000059
0.000025
0.000013
0.000003
0.000085
0.000036
