0.000007
0.000005
0.000113
0.000039
0.000071
0.000134
0.000028
0.000101
0.000082
0.000064
0.000056
0.000003
0.000001
0.000047
0.000049
0.000111
0.000121
0.000070
0.000038
0.000106
0.000068
0.000013
0.000009
0.000069
0.000025
0.000089
0.000080
0.000058
0.000082
0.000108
0.000075
0.000033
0.000037
0.000051
0.000083
0.000050
0.000013
0.000128
0.000055
0.000014
0.000013
0.000010
0.000002
0.000060
0.000063
0.000067
0.000058
0.000021
0.000112
0.000016
0.000058
0.000060
0.000112
0.000143
0.000030
0.000194
0.000109
0.000175
0.000080
0.000089
0.000159
0.000081
0.000107
0.000117
0.000077
0.000035
0.000074
0.000208
0.000109
0.000036
0.000072
0.000156
0.000215
0.000167
0.000151
0.000030
0.000181
0.000023
0.000054
0.000030
0.000165
0.000057
0.000268
0.000203
0.000163
0.000302
0.000127
0.000271
0.000310
0.000262
0.000331
0.000214
0.000365
0.000229
0.000282
0.000391
0.000227
0.000489
0.000253
0.000285
0.000388
0.000240
0.000254
0.000310
0.000370
0.000313
0.000321
0.000300
0.000475
0.000299
0.000504
0.000564
0.000524
0.000237
0.000442
0.000398
0.000327
0.000223
0.000359
0.000635
0.000378
0.000329
0.000662
0.000607
0.000608
0.000520
0.000399
0.000512
0.000679
0.000739
0.000650
0.000452
0.000770
0.000885
0.000814
0.000772
0.000749
0.000720
0.000791
0.001200
0.000776
0.000895
0.000822
0.000835
0.000745
0.000957
0.000914
0.001013
0.000891
0.000817
0.000856
0.000808
0.000721
0.000629
0.001174
0.001059
0.000973
0.001062
0.001119
0.001036
0.001014
0.000943
0.001113
0.000711
0.001354
0.001144
0.001252
0.001126
0.000937
0.001201
0.001238
0.001055
0.001171
0.001735
0.001162
0.001349
0.001204
0.001122
0.001447
0.001377
0.001546
0.001387
0.001310
0.001416
0.001248
0.001387
0.001273
0.001514
0.001466
0.001922
0.001365
0.001106
0.001400
0.001506
0.001514
0.001261
0.001701
0.001159
0.001558
0.001337
0.001481
0.001270
0.001306
0.001669
0.001311
0.001212
0.001547
0.001380
0.001495
0.001677
0.001541
0.001179
0.001766
0.001427
0.001177
0.001289
0.001435
0.001348
0.001860
0.001490
0.001429
0.001390
0.001750
0.001611
0.001409
0.001653
0.001709
0.001871
0.001482
0.001592
0.001579
0.001834
0.001306
0.001655
0.001416
0.001379
0.001331
0.001550
0.001447
0.001625
0.001440
0.001211
0.001902
0.001324
0.001378
0.001679
0.001452
0.001309
0.001549
0.001401
0.001794
0.001475
0.001317
0.001781
0.001493
0.001661
0.001560
0.001295
0.001648
0.001955
0.001903
0.001718
0.001436
0.001331
0.001694
0.001586
0.001599
0.001931
0.001350
0.001451
0.002128
0.001100
0.001686
0.001404
0.001901
0.001587
0.001656
0.001566
0.002407
0.002005
0.001596
0.001480
0.001428
0.001508
0.001882
0.001469
0.001462
0.001408
0.001495
0.001478
0.001521
0.001816
0.001302
0.001341
0.001426
0.001252
0.001598
0.001540
0.001328
0.001424
0.001831
0.001316
0.001339
0.001544
0.001818
0.001606
0.001748
0.001728
0.001429
0.001519
0.001527
0.001547
0.001981
0.001710
0.001721
0.001335
0.001671
0.001785
0.001460
0.001517
0.001532
0.001439
0.001453
0.001422
0.001595
0.001322
0.001801
0.002214
0.001857
0.001741
0.001589
0.001314
0.001418
0.001358
0.001193
0.001649
0.001555
0.001654
0.001492
0.001666
0.001469
0.001797
0.001643
0.001501
0.001769
0.001336
0.001634
0.001531
0.001407
0.001946
0.001259
0.001554
0.001813
0.001672
0.001714
0.001478
0.001298
0.001797
0.001618
0.001789
0.001413
0.001602
0.001384
0.001625
0.001659
0.001240
0.001838
0.001809
0.001569
0.001635
0.002228
0.001908
0.001728
0.001807
0.001756
0.001854
0.001717
0.001754
0.001486
0.001393
0.001768
0.001357
0.001844
0.001336
0.001948
0.001513
0.001765
0.001821
0.001608
0.001836
0.001932
0.001690
0.001356
0.002032
0.001851
0.001474
0.001961
0.001795
0.001636
0.001507
0.001870
0.001257
0.001416
0.001131
0.001159
0.001415
0.001847
0.001406
0.001784
0.001798
0.001813
0.001660
0.001782
0.001654
0.001639
0.001398
0.001538
0.001653
0.001599
0.001511
0.001724
0.001482
0.001117
0.001537
0.001468
0.001601
0.001556
0.001355
0.001417
0.001412
0.001634
0.001825
0.001520
0.001655
0.001603
0.001334
0.001500
0.001504
0.001616
0.001304
0.001545
0.001604
0.001656
0.001630
0.001058
0.001691
0.001139
0.001504
0.001265
0.001168
0.001425
0.001544
0.001396
0.001620
0.001630
0.001278
0.001649
0.001471
0.001380
0.001186
0.001248
0.001648
0.001385
0.001221
0.001686
0.001454
0.001247
0.001726
0.001282
0.001400
0.001406
0.001286
0.001546
0.001531
0.001525
0.001389
0.001349
0.001622
0.001787
0.001146
0.001738
0.001844
0.001932
0.001789
0.001797
0.001892
0.001963
0.001670
0.001630
0.001308
0.001313
0.001722
0.001579
0.001449
0.001455
0.001643
0.001444
0.001068
0.001805
0.001685
0.002051
0.001591
0.001783
0.001961
0.001698
0.001647
0.002003
0.001719
0.001583
0.001623
0.001621
0.001937
0.002024
0.001338
0.002010
0.001490
0.001599
0.001521
0.001209
0.001604
0.001657
0.001441
0.001372
0.001407
0.001505
0.001010
0.001401
0.001164
0.001633
0.001479
0.001382
0.001458
0.001649
0.001774
0.001525
0.001506
0.001369
0.001107
0.001523
0.001539
0.001723
0.001728
0.001747
0.001540
0.001269
0.001804
0.001460
0.001222
0.001463
0.001268
0.001444
0.001490
0.001625
0.001472
0.001450
0.001248
0.001454
0.001794
0.001102
0.001535
0.001557
0.001316
0.001285
0.001002
0.001416
0.001325
0.001428
0.001304
0.001027
0.001708
0.001206
0.001248
0.001384
0.001225
0.001090
0.001031
0.001172
0.001026
0.001438
0.001345
0.000842
0.001045
0.001106
0.001120
0.000994
0.001207
0.001478
0.001402
0.001394
0.001201
0.000926
0.001317
0.001096
0.000916
0.001011
0.000702
0.000927
0.000778
0.001171
0.001150
0.000961
0.000716
0.001200
0.000983
0.001032
0.001186
0.000917
0.000864
0.000673
0.000822
0.000863
0.000987
0.001091
0.000658
0.000547
0.000869
0.000972
0.000712
0.000787
0.000852
0.000848
0.000987
0.000953
0.001064
0.000928
0.001144
0.000864
0.000836
0.000604
0.000705
0.000868
0.000857
0.000844
0.000404
0.000836
0.000621
0.000741
0.000619
0.000609
0.001111
0.000915
0.000510
0.000771
0.000718
0.000625
0.000392
0.000727
0.000996
0.000593
0.000899
0.000914
0.000604
0.000673
0.000590
0.000668
0.000641
0.000641
0.000374
0.000644
0.000752
0.000388
0.000614
0.000311
0.000617
0.000578
0.000539
0.000473
0.000402
0.000655
0.000404
0.000394
0.000535
0.000540
0.000197
0.000612
0.000670
0.000271
0.000769
0.000362
0.000278
0.000200
0.000321
0.000241
0.000288
0.000284
0.000184
0.000279
0.000285
0.000374
0.000415
0.000467
0.000124
0.000329
0.000187
0.000181
0.000285
0.000289
0.000362
0.000299
0.000215
0.000451
0.000378
0.000263
0.000345
0.000362
0.000309
0.000312
0.000297
0.000290
0.000165
0.000147
0.000388
0.000283
0.000287
0.000428
0.000433
0.000249
0.000353
0.000223
0.000075
0.000430
0.000252
0.000578
0.000392
0.000386
0.000219
0.000402
0.000325
0.000353
0.000340
0.000244
0.000278
0.000564
0.000249
0.000277
0.000242
0.000327
0.000152
0.000386
0.000302
0.000352
0.000249
0.000191
0.000210
0.000228
0.000355
0.000344
0.000073
0.000223
0.000134
0.000318
0.000314
0.000258
0.000231
0.000154
0.000130
0.000338
0.000292
0.000046
0.000204
0.000281
0.000213
0.000129
0.000312
0.000295
0.000281
0.000177
0.000143
0.000326
0.000004
0.000192
0.000148
0.000221
0.000330
0.000234
0.000049
0.000103
0.000242
0.000116
0.000208
0.000224
0.000208
0.000287
0.000056
0.000267
0.000218
0.000104
0.000078
0.000128
0.000224
0.000083
0.000232
0.000199
0.000115
0.000205
0.000002
0.000178
0.000006
0.000395
0.000191
0.000148
0.000372
0.000265
0.000346
0.000185
0.000255
0.000201
0.000193
0.000072
0.000048
0.000246
0.000192
0.000261
0.000093
0.000388
0.000112
0.000334
0.000345
0.000150
0.000048
0.000171
0.000199
0.000129
0.000160
0.000032
0.000154
0.000048
0.000023
0.000188
0.000221
0.000183
0.000097
0.000036
0.000201
0.000198
0.000014
0.000323
0.000202
0.000280
0.000130
0.000211
0.000107
0.000254
0.000030
0.000021
0.000003
0.000207
0.000053
0.000145
0.000319
0.000144
0.000141
0.000120
0.000146
0.000075
0.000101
0.000190
0.000222
0.000190
0.000186
0.000174
0.000062
0.000177
0.000127
0.000021
0.000083
0.000192
0.000195
0.000093
0.000199
0.000116
0.000092
0.000149
0.000194
0.000037
0.000105
0.000039
0.000046
0.000200
0.000036
0.000122
0.000246
0.000052
0.000015
0.000032
0.000001
0.000234
0.000058
0.000019
0.000203
0.000035
0.000136
0.000243
0.000100
0.000339
0.000085
0.000039
0.000205
0.000074
0.000004
0.000059
0.000108
0.000012
0.000074
0.000195
0.000024
0.000096
0.000054
0.000108
0.000112
0.000019
0.000089
0.000049
0.000061
0.000158
0.000092
0.000137
0.000037
0.000116
0.000171
0.000192
0.000139
0.000113
0.000143
0.000138
0.000018
0.000036
0.000090
0.000018
0.000010
0.000136
0.000027
0.000008
0.000016
0.000188
0.000048
0.000102
0.000148
0.000042
0.000036
0.000132
0.000235
0.000588
0.000137
0.000106
0.000002
0.000067
0.000049
0.000090
0.000016
0.000047
0.000002
0.000103
0.000066
0.000076
0.000037
0.000011
0.000016
0.000116
0.000035
0.000036
0.000021
0.000134
0.000003
0.000009
0.000105
0.000048
0.000123
0.000056
0.000113
0.000003
0.000167
0.000007
0.000025
0.000049
0.000050
0.000035
0.000094
0.000032
0.000085
0.000019
0.000001
0.000046
0.000043
0.000122
0.000004
0.000067
0.000012
0.000084
0.000058
0.000005
0.000129
0.000085
0.000075
0.000124
0.000004
0.000040
0.000034
0.000071
0.000055
0.000049
0.000055
0.000001
0.000049
0.000108
0.000103
0.000073
0.000012
0.000097
0.000065
0.000067
0.000046
0.000079
0.000021
0.000049
0.000013
0.000100
0.000041
0.000117
0.000064

