0.000055
0.000145
0.000108
0.000034
0.000046
0.000111
0.000121
0.000017
0.000141
0.000009
0.000091
0.000014
0.000035
0.000053
0.000041
0.000006
0.000005
0.000104
0.000095
0.000055
0.000071
0.000048
0.000061
0.000078
0.000069
0.000105
0.000121
0.000096
0.000010
0.000093
0.000071
0.000011
0.000065
0.000039
0.000015
0.000070
0.000105
0.000115
0.000042
0.000033
0.000026
0.000040
0.000064
0.000033
0.000060
0.000045
0.000103
0.000018
0.000035
0.000073
0.000091
0.000034
0.000001
0.000020
0.000090
0.000054
0.000023
0.000147
0.000230
0.000040
0.000180
0.000103
0.000173
0.000026
0.000107
0.000181
0.000001
0.000066
0.000034
0.000011
0.000058
0.000217
0.000170
0.000128
0.000097
0.000013
0.000114
0.000114
0.000038
0.000045
0.000198
0.000066
0.000092
0.000066
0.000260
0.000277
0.000272
0.000253
0.000268
0.000242
0.000330
0.000306
0.000221
0.000244
0.000270
0.000384
0.000194
0.000427
0.000101
0.000312
0.000439
0.000112
0.000299
0.000306
0.000386
0.000355
0.000403
0.000253
0.000331
0.000399
0.000501
0.000556
0.000530
0.000246
0.000410
0.000314
0.000271
0.000226
0.000433
0.000620
0.000290
0.000297
0.000605
0.000572
0.000542
0.000526
0.000490
0.000507
0.000735
0.000614
0.000766
0.000534
0.000702
0.000844
0.000791
0.000796
0.000761
0.000628
0.000796
0.001186
0.000755
0.000900
0.000756
0.000718
0.000800
0.000847
0.000853
0.001098
0.000920
0.000956
0.000664
0.000666
0.000887
0.000652
0.001179
0.001160
0.000953
0.001147
0.001114
0.000880
0.001131
0.000969
0.001138
0.000836
0.001328
0.001147
0.001248
0.001091
0.000978
0.001269
0.001373
0.001088
0.001120
0.001722
0.001250
0.001366
0.001165
0.001214
0.001339
0.001313
0.001535
0.001323
0.001425
0.001472
0.001335
0.001387
0.001294
0.001570
0.001554
0.001988
0.001425
0.001171
0.001500
0.001485
0.001471
0.001355
0.001834
0.001266
0.001464
0.001299
0.001529
0.001203
0.001396
0.001688
0.001301
0.001324
0.001485
0.001293
0.001603
0.001620
0.001427
0.001217
0.001825
0.001532
0.001138
0.001251
0.001457
0.001420
0.001843
0.001488
0.001283
0.001409
0.001605
0.001515
0.001392
0.001587
0.001733
0.001946
0.001493
0.001589
0.001710
0.001802
0.001493
0.001566
0.001400
0.001540
0.001430
0.001423
0.001342
0.001596
0.001439
0.001341
0.001941
0.001405
0.001420
0.001560
0.001498
0.001399
0.001686
0.001426
0.001874
0.001437
0.001404
0.001803
0.001510
0.001520
0.001662
0.001304
0.001627
0.001826
0.001786
0.001697
0.001474
0.001313
0.001697
0.001454
0.001601
0.001814
0.001287
0.001482
0.002082
0.000995
0.001797
0.001539
0.001786
0.001582
0.001774
0.001564
0.002356
0.001875
0.001624
0.001520
0.001433
0.001379
0.001803
0.001533
0.001526
0.001349
0.001640
0.001640
0.001403
0.001802
0.001347
0.001395
0.001474
0.001227
0.001455
0.001610
0.001429
0.001495
0.001832
0.001254
0.001379
0.001601
0.001931
0.001589
0.001622
0.001799
0.001433
0.001393
0.001496
0.001570
0.001913
0.001618
0.001641
0.001426
0.001511
0.001740
0.001379
0.001543
0.001515
0.001437
0.001287
0.001488
0.001739
0.001386
0.001921
0.002184
0.001736
0.001787
0.001426
0.001376
0.001490
0.001473
0.001211
0.001539
0.001600
0.001565
0.001614
0.001695
0.001468
0.001781
0.001607
0.001409
0.001593
0.001452
0.001469
0.001587
0.001424
0.001900
0.001274
0.001555
0.001812
0.001672
0.001663
0.001448
0.001311
0.001839
0.001711
0.001905
0.001557
0.001539
0.001353
0.001498
0.001696
0.001347
0.001713
0.001844
0.001577
0.001715
0.002265
0.001922
0.001585
0.001755
0.001732
0.001743
0.001650
0.001697
0.001457
0.001439
0.001796
0.001456
0.001900
0.001421
0.001906
0.001403
0.001657
0.001769
0.001594
0.001888
0.001781
0.001776
0.001469
0.002142
0.001861
0.001411
0.001886
0.001763
0.001499
0.001548
0.001804
0.001394
0.001442
0.001111
0.001206
0.001589
0.001803
0.001346
0.001792
0.001946
0.001702
0.001737
0.001670
0.001574
0.001620
0.001368
0.001536
0.001644
0.001598
0.001338
0.001758
0.001530
0.001226
0.001378
0.001400
0.001463
0.001673
0.001534
0.001362
0.001467
0.001803
0.001978
0.001478
0.001599
0.001625
0.001468
0.001561
0.001508
0.001645
0.001372
0.001493
0.001450
0.001702
0.001711
0.001116
0.001541
0.001189
0.001534
0.001266
0.001068
0.001430
0.001419
0.001309
0.001454
0.001608
0.001162
0.001610
0.001491
0.001502
0.001140
0.001330
0.001616
0.001281
0.001101
0.001675
0.001511
0.001265
0.001758
0.001323
0.001519
0.001436
0.001293
0.001420
0.001475
0.001495
0.001399
0.001341
0.001639
0.001734
0.001231
0.001681
0.001734
0.002034
0.001713
0.001864
0.001917
0.001972
0.001615
0.001691
0.001274
0.001303
0.001645
0.001603
0.001451
0.001445
0.001581
0.001414
0.001170
0.001741
0.001567
0.001872
0.001489
0.001929
0.001935
0.001576
0.001735
0.001984
0.001710
0.001651
0.001480
0.001599
0.001981
0.001895
0.001405
0.002067
0.001360
0.001557
0.001667
0.001361
0.001459
0.001625
0.001535
0.001373
0.001493
0.001585
0.001043
0.001482
0.001174
0.001680
0.001386
0.001392
0.001445
0.001728
0.001758
0.001497
0.001381
0.001366
0.001170
0.001419
0.001437
0.001590
0.001708
0.001637
0.001381
0.001331
0.001887
0.001442
0.001227
0.001479
0.001420
0.001484
0.001466
0.001758
0.001533
0.001609
0.001215
0.001594
0.001838
0.001092
0.001532
0.001501
0.001198
0.001429
0.001000
0.001471
0.001232
0.001451
0.001184
0.001134
0.001619
0.001055
0.001367
0.001435
0.001379
0.001114
0.000985
0.001310
0.001015
0.001336
0.001391
0.000959
0.000925
0.000965
0.001233
0.001094
0.001086
0.001353
0.001353
0.001365
0.001143
0.001064
0.001223
0.001017
0.000909
0.001009
0.000840
0.000774
0.000816
0.001268
0.001011
0.000886
0.000705
0.001368
0.001012
0.000904
0.001167
0.001039
0.000911
0.000772
0.000837
0.000957
0.001107
0.001016
0.000597
0.000611
0.000879
0.000849
0.000804
0.000789
0.000894
0.000768
0.000886
0.000869
0.001016
0.000856
0.001059
0.000757
0.000879
0.000661
0.000687
0.000802
0.000760
0.000948
0.000546
0.000829
0.000645
0.000604
0.000699
0.000593
0.001011
0.000853
0.000532
0.000648
0.000782
0.000637
0.000396
0.000800
0.000955
0.000547
0.000920
0.000922
0.000531
0.000685
0.000408
0.000629
0.000637
0.000582
0.000534
0.000740
0.000666
0.000388
0.000762
0.000212
0.000531
0.000618
0.000579
0.000611
0.000494
0.000648
0.000408
0.000297
0.000546
0.000518
0.000354
0.000614
0.000527
0.000240
0.000738
0.000210
0.000388
0.000308
0.000321
0.000310
0.000222
0.000239
0.000232
0.000351
0.000249
0.000330
0.000332
0.000482
0.000283
0.000300
0.000169
0.000340
0.000317
0.000168
0.000355
0.000308
0.000308
0.000565
0.000293
0.000215
0.000197
0.000350
0.000307
0.000356
0.000241
0.000252
0.000249
0.000144
0.000469
0.000337
0.000301
0.000488
0.000337
0.000271
0.000218
0.000284
0.000068
0.000313
0.000351
0.000412
0.000334
0.000351
0.000335
0.000270
0.000237
0.000308
0.000520
0.000402
0.000351
0.000434
0.000198
0.000288
0.000276
0.000315
0.000291
0.000243
0.000280
0.000323
0.000223
0.000345
0.000407
0.000197
0.000224
0.000394
0.000185
0.000291
0.000206
0.000321
0.000278
0.000426
0.000136
0.000117
0.000172
0.000304
0.000158
0.000090
0.000312
0.000204
0.000251
0.000198
0.000229
0.000430
0.000214
0.000259
0.000209
0.000185
0.000068
0.000074
0.000158
0.000163
0.000195
0.000076
0.000193
0.000252
0.000268
0.000124
0.000058
0.000119
0.000208
0.000128
0.000102
0.000128
0.000157
0.000156
0.000115
0.000176
0.000124
0.000155
0.000185
0.000200
0.000194
0.000306
0.000074
0.000219
0.000026
0.000334
0.000264
0.000270
0.000325
0.000339
0.000225
0.000145
0.000145
0.000104
0.000202
0.000112
0.000161
0.000229
0.000262
0.000205
0.000161
0.000264
0.000133
0.000320
0.000383
0.000257
0.000214
0.000273
0.000044
0.000247
0.000047
0.000193
0.000205
0.000142
0.000186
0.000070
0.000165
0.000170
0.000156
0.000110
0.000204
0.000123
0.000075
0.000238
0.000208
0.000297
0.000041
0.000208
0.000239
0.000080
0.000118
0.000151
0.000043
0.000245
0.000168
0.000124
0.000241
0.000002
0.000112
0.000060
0.000102
0.000136
0.000148
0.000242
0.000150
0.000080
0.000117
0.000206
0.000031
0.000169
0.000192
0.000168
0.000115
0.000186
0.000057
0.000139
0.000296
0.000111
0.000187
0.000148
0.000134
0.000036
0.000120
0.000032
0.000061
0.000085
0.000095
0.000263
0.000137
0.000193
0.000027
0.000099
0.000017
0.000116
0.000059
0.000091
0.000047
0.000124
0.000233
0.000082
0.000018
0.000191
0.000130
0.000031
0.000184
0.000043
0.000142
0.000094
0.000162
0.000105
0.000006
0.000173
0.000063
0.000044
0.000081
0.000021
0.000119
0.000194
0.000032
0.000043
0.000088
0.000003
0.000007
0.000189
0.000069
0.000035
0.000014
0.000014
0.000083
0.000132
0.000148
0.000207
0.000118
0.000121
0.000242
0.000036
0.000136
0.000027
0.000050
0.000048
0.000071
0.000164
0.000058
0.000012
0.000043
0.000004
0.000034
0.000046
0.000131
0.000496
0.000055
0.000147
0.000085
0.000213
0.000004
0.000021
0.000057
0.000158
0.000096
0.000011
0.000065
0.000025
0.000023
0.000013
0.000071
0.000004
0.000118
0.000121
0.000088
0.000025
0.000068
0.000058
0.000025
0.000065
0.000038
0.000069
0.000134
0.000034
0.000115
0.000114
0.000047
0.000062
0.000067
0.000092
0.000069
0.000134
0.000001
0.000034
0.000094
0.000035
0.000039
0.000059
0.000100
0.000026
0.000098
0.000108
0.000062
0.000123
0.000060
0.000003
0.000078
0.000015
0.000069
0.000015
0.000087
0.000089
0.000016
0.000134
0.000075
0.000065
0.000036
0.000110
0.000108
0.000039
0.000087
0.000049
0.000089
0.000062
0.000089
0.000079
0.000011
0.000014
0.000064
0.000010
0.000028
0.000054
0.000123
